[ a, a#, b, c, c#, d, d#, e, f, f#, g, g# ]

x-axis: chord
y-axis: key
* reflective matrix so /shrug

0 = not in key
1 = major
2 = minor
3 = diminished


     [ a ] [ a#] [ b ] [ c ] [ c#] [ d ] [ d#] [ e ] [ f ] [ f#] [ g ] [ g#]
[ a ]  1     0     2     0     2     1     0     1     0     2     0     3
[ a#]  3     1     0     2     0     2     1     0     1     0     2     0
[ b ]  0     3     1     0     2     0     2     1     0     1     0     2
[ c ]  2     0     3     1     0     2     0     2     1     0     1     0
[ c#]  0     2     0     3     1     0     2     0     2     1     0     1
[ d ]  1     0     2     0     3     1     0     2     0     2     1     0
[ d#]  0     1     0     2     0     3     1     0     2     0     2     1
[ e ]  1     0     1     0     2     0     3     1     0     2     0     2
[ f ]  2     1     0     1     0     2     0     3     1     0     2     0
[ f#]  0     2     1     0     1     0     2     0     3     1     0     2
[ g ]  2     0     2     1     0     1     0     2     0     3     1     0
[ g#]  0     2     0     2     1     0     1     0     2     0     3     1

[[ 1, 0, 2, 0, 2, 1, 0, 1, 0, 2, 0, 3 ],
[ 3, 1, 0, 2, 0, 2, 1, 0, 1, 0, 2, 0 ],
[ 0, 3, 1, 0, 2, 0, 2, 1, 0, 1, 0, 2 ],
[ 2, 0, 3, 1, 0, 2, 0, 2, 1, 0, 1, 0 ],
[ 0, 2, 0, 3, 1, 0, 2, 0, 2, 1, 0, 1 ],
[ 1, 0, 2, 0, 3, 1, 0, 2, 0, 2, 1, 0 ],
[ 0, 1, 0, 2, 0, 3, 1, 0, 2, 0, 2, 1 ],
[ 1, 0, 1, 0, 2, 0, 3, 1, 0, 2, 0, 2 ],
[ 2, 1, 0, 1, 0, 2, 0, 3, 1, 0, 2, 0 ],
[ 0, 2, 1, 0, 1, 0, 2, 0, 3, 1, 0, 2 ],
[ 2, 0, 2, 1, 0, 1, 0, 2, 0, 3, 1, 0 ],
[ 0, 2, 0, 2, 1, 0, 1, 0, 2, 0, 3, 1 ]]


[ a ] [ a#] [ b ] [ c ] [ c#] [ d ] [ d#] [ e ] [ f ] [ f#] [ g ] [ g#]
[ a ]
[ a#]
[ b ]
[ c ]
[ c#]
[ d ]
[ d#]
[ e ]
[ f ]
[ g ]
[ g#]
